318 225
360 623
469 321
51 422
823 823
930 568
28 422
270 530
890 396
714 634
907 258
32 77
702 38
816 506
892 955
253 13
955 527
720 421
433 9
150 477
887 333
768 366
84 433
879 401
957 339
719 733
151 819
825 27
397 677
287 805
519 953
692 652
926 252
654 401
85 216
367 76
920 831
945 640
284 173
55 846
789 889
333 589
213 617
335 358
143 873
245 90
497 239
744 851
88 460
428 578
706 258
49 2
432 619
214 283
615 811
783 953
0 121
980 105
2 390
210 636
812 547
548 927
422 43
65 753
1000 798
292 208
63 149
717 754
713 7
775 60
977 608
226 535
29 441
613 815
896 486
79 922
90 736
570 743
265 794
191 93
26 294
472 381
620 217
909 713
503 934
661 280
326 532
60 103
390 771
68 922
571 517
645 216
142 726
455 330
170 528
349 282
12 596
812 478
389 238
742 492
500 569
575 42
592 2
740 490
227 916
798 835
389 409
339 384
410 62
481 474
165 992
3 576
896 654
892 47
536 848
727 747
66 603
663 338
874 279
634 672
296 673
820 385
824 383
813 324
4 361
95 450
890 357
84 958
423 652
658 631
578 630
745 978
147 868
973 349
324 355
542 68
347 48
484 547
173 289
873 374
604 269
918 844
578 981
979 947
664 730
284 143
890 424
635 809
213 728
944 858
971 841
477 468
111 319
847 837
568 534
830 154
77 219
81 954
472 346
136 664
841 483
427 463
72 741
45 93
351 898
942 762
744 466
2 526
298 729
738 221
572 499
627 514
962 513
621 737
425 493
650 601
887 116
520 658
645 927
127 975
845 770
887 455
494 144
374 956
606 980
1 629
270 44
186 415
140 103
784 981
30 200
925 734
674 245
649 968
389 881
127 680
95 404
117 73
143 720
83 499
533 473
798 694
893 265
127 186
817 69
534 126
27 521
86 465
700 678
73 29
30 803
664 723
784 911
973 148
507 821
85 899
399 27
627 374
705 211
721 181
249 187
716 278
822 846
888 361
838 82
309 723
881 584
657 596
274 687
645 213
123 980
598 72
594 189
899 937
399 650
979 709
953 928
541 869
702 440
797 540
884 597
631 876
123 110
946 105
114 19
676 666
544 305
609 511
848 665
376 558
