540 365
981 644
797 524
656 608
198 769
727 343
93 190
707 396
72 611
588 54
141 950
752 264
14 357
644 833
803 269
331 513
474 35
789 173
520 991
156 240
380 116
213 313
926 534
355 359
647 405
611 918
825 229
214 455
2 0
657 115
858 994
128 271
799 110
324 376
436 757
489 620
545 759
99 749
88 997
546 886
755 434
736 28
613 236
446 57
482 90
385 34
88 554
371 463
1 126
806 521
690 539
980 814
986 699
266 516
454 905
568 562
2 930
18 392
423 72
846 840
319 988
200 365
771 318
371 515
337 965
120 627
688 688
527 19
828 169
220 671
852 193
710 697
248 291
807 725
278 314
674 654
254 552
372 595
296 656
168 553
887 490
23 192
396 522
899 120
726 20
180 221
308 19
306 700
642 308
796 804
334 426
61 767
741 774
174 996
436 969
869 113
359 441
83 424
772 420
673 918
179 422
858 61
655 844
86 255
270 968
434 961
205 102
67 93
439 483
649 660
665 177
807 903
14 249
784 821
424 232
497 122
656 997
913 589
808 607
82 978
406 649
137 768
1 972
124 927
433 856
957 486
68 334
543 636
51 530
685 820
477 34
625 860
15 354
277 675
888 648
375 46
592 657
142 746
577 487
447 298
179 379
571 494
597 672
84 466
484 105
248 830
438 660
167 675
202 249
128 250
101 661
589 577
227 532
24 19
453 624
442 757
790 943
646 807
467 534
441 576
406 465
48 493
237 897
65 554
611 167
560 983
739 523
591 359
394 360
691 946
455 176
481 624
843 482
389 673
113 44
626 856
397 231
854 634
55 907
47 365
759 361
580 146
249 41
108 102
928 820
533 694
520 629
398 275
782 878
528 44
142 72
521 286
401 901
489 430
843 639
745 398
177 712
285 850
530 883
532 351
