775 100
648 841
892 690
233 966
420 459
833 932
619 139
69 926
702 543
966 465
487 316
575 469
745 433
688 999
249 887
325 561
849 244
602 317
67 176
711 102
899 758
510 310
147 820
259 286
154 236
621 821
270 402
702 234
52 404
66 639
395 212
184 476
854 14
696 800
257 793
762 549
17 500
944 502
739 14
640 95
686 347
677 734
302 112
68 381
294 456
225 480
184 583
65 568
265 237
646 827
258 494
425 650
768 558
892 319
389 339
106 993
12 523
333 677
167 412
781 187
912 544
201 295
76 59
926 38
145 787
459 35
724 681
884 155
78 456
210 844
833 108
170 706
749 516
578 106
347 936
426 525
925 626
835 850
701 690
637 20
994 34
684 186
555 171
134 404
549 526
639 476
328 814
592 67
651 450
566 629
459 690
361 557
283 415
358 441
726 26
72 609
568 427
115 535
716 633
238 647
827 360
793 92
625 392
741 6
434 938
821 343
860 672
261 787
616 780
328 69
47 157
956 81
947 244
538 129
48 248
192 937
812 47
171 133
988 344
524 683
786 749
950 40
877 12
685 106
246 180
825 797
806 615
536 449
938 577
862 851
287 79
610 751
621 566
440 334
717 560
126 785
395 672
222 8
73 547
188 519
726 778
461 524
795 119
589 188
864 191
15 287
303 693
367 738
243 299
576 159
