434 222
467 101
535 873
2 965
430 146
713 931
896 324
183 79
376 345
224 970
92 136
490 631
999 854
939 788
896 645
740 183
949 450
9 37
11 501
936 492
464 911
779 963
172 465
957 966
974 534
180 44
633 749
571 854
297 859
469 340
123 156
858 368
29 678
587 362
695 554
603 366
804 968
96 140
470 53
343 182
928 162
59 164
882 107
90 13
777 517
383 527
343 888
658 930
839 29
911 894
62 467
480 618
542 300
728 707
11 536
627 512
571 432
84 961
189 285
41 394
820 107
154 804
974 986
227 637
766 314
406 519
604 865
461 369
898 758
728 208
214 856
934 63
132 381
952 576
501 653
886 91
198 893
462 523
73 728
913 194
933 424
397 506
854 118
410 259
543 83
968 65
557 454
169 245
591 76
686 307
670 245
9 270
424 774
273 171
261 413
462 722
420 738
218 580
343 948
567 993
